Substitution rate (mu): 1.0

Equilibrium frequencies (pi_i):
  A: 0.0384
  C: 0.0332
  D: 0.0367
  E: 0.0563
  F: 0.0453
  G: 0.064
  H: 0.0362
  I: 0.0765
  K: 0.0647
  L: 0.0672
  M: 0.03
  N: 0.0659
  P: 0.0414
  Q: 0.0427
  R: 0.0558
  S: 0.0532
  T: 0.0531
  V: 0.0448
  W: 0.0268
  Y: 0.0406
  *: 0.017
  -: 0.0101

Symmetrized rates from j->i (W_ij):
	A	C	D	E	F	G	H	I	K	L	M	N	P	Q	R	S	T	V	W	Y	*	-
  A	0	0.3745	1.2078	1.4579	0.3187	0.7445	0.4336	0.2486	0.2364	0.2501	0.4142	0.2796	0.896	0.2935	0.2501	1.8984	10.5216	6.3774	0.4716	0.3492	0.6852	0.7824
  C	0.3745	0	0.4138	0.3355	0.4411	0.5991	0.6025	0.2767	0.3437	0.2972	0.5547	0.3073	0.4613	0.4013	0.5306	0.582	0.3621	0.5454	0.7541	1.0733	0.8682	0.7469
  D	1.2078	0.4138	0	2.9389	0.3226	2.2041	0.66	0.2157	0.3473	0.2341	0.457	9.137	0.3702	0.3581	0.2803	0.2866	0.3708	0.6297	0.5197	0.8195	0.7442	0.69
  E	1.4579	0.3355	2.9389	0	0.2544	3.8144	0.4021	0.1656	3.5474	0.18	0.4142	0.2426	0.3282	0.4604	0.438	0.22	0.2853	0.4442	0.4394	0.3497	0.6831	0.8401
  F	0.3187	0.4411	0.3226	0.2544	0	0.2244	0.4367	0.4938	0.2591	2.4052	0.4912	0.2307	0.3605	0.3105	0.2688	0.8589	0.25	0.6606	0.5153	0.8813	0.7638	0.6691
  G	0.7445	0.5991	2.2041	3.8144	0.2244	0	0.2914	0.1563	0.2631	0.1569	0.3063	0.1919	0.2622	0.2064	2.1565	1.2234	0.1802	0.8545	0.4652	0.2531	0.5707	0.8132
  H	0.4336	0.6025	0.66	0.4021	0.4367	0.2914	0	0.3058	0.4629	0.456	0.6043	0.6081	0.9163	2.1224	0.6999	0.3469	0.3895	0.4213	0.6904	1.5748	0.9569	1.1903
  I	0.2486	0.2767	0.2157	0.1656	0.4938	0.1563	0.3058	0	0.3548	1.8757	4.7097	0.4017	0.2691	0.2272	0.5279	0.573	4.6783	11.5403	0.3731	0.2887	0.6193	0.4843
  K	0.2364	0.3437	0.3473	3.5474	0.2591	0.2631	0.4629	0.3548	0	0.2011	0.6608	2.1866	0.3396	2.0954	10.9482	0.2402	1.2068	0.2748	0.4602	0.332	0.7378	2.1554
  L	0.2501	0.2972	0.2341	0.18	2.4052	0.1569	0.456	1.8757	0.2011	0	2.2487	0.1619	1.0259	1.3656	0.4198	0.8506	0.2124	1.2299	0.4746	0.2812	0.6382	0.4769
  M	0.4142	0.5547	0.457	0.4142	0.4912	0.3063	0.6043	4.7097	0.6608	2.2487	0	0.3469	0.512	0.4457	1.0723	0.3618	1.3629	3.945	0.7517	0.5411	0.9197	0.8052
  N	0.2796	0.3073	9.137	0.2426	0.2307	0.1919	0.6081	0.4017	2.1866	0.1619	0.3469	0	0.3	0.2316	0.2772	6.5043	1.8511	0.2233	0.4088	0.671	0.6572	0.4499
  P	0.896	0.4613	0.3702	0.3282	0.3605	0.2622	0.9163	0.2691	0.3396	1.0259	0.512	0.3	0	1.0796	0.4113	4.0284	1.311	0.3488	0.589	0.4928	0.8504	1.2114
  Q	0.2935	0.4013	0.3581	0.4604	0.3105	0.2064	2.1224	0.2272	2.0954	1.3656	0.4457	0.2316	1.0796	0	2.9385	0.2973	0.3026	0.302	0.5119	0.3814	0.7512	0.9802
  R	0.2501	0.5306	0.2803	0.438	0.2688	2.1565	0.6999	0.5279	10.9482	0.4198	1.0723	0.2772	0.4113	2.9385	0	1.1164	0.5156	0.2603	0.5571	0.3378	0.7197	3.1875
  S	1.8984	0.582	0.2866	0.22	0.8589	1.2234	0.3469	0.573	0.2402	0.8506	0.3618	6.5043	4.0284	0.2973	1.1164	0	1.386	0.4061	0.4616	0.5758	0.646	1.0737
  T	10.5216	0.3621	0.3708	0.2853	0.25	0.1802	0.3895	4.6783	1.2068	0.2124	1.3629	1.8511	1.311	0.3026	0.5156	1.386	0	0.5108	0.4274	0.3092	0.6573	1.2642
  V	6.3774	0.5454	0.6297	0.4442	0.6606	0.8545	0.4213	11.5403	0.2748	1.2299	3.945	0.2233	0.3488	0.302	0.2603	0.4061	0.5108	0	0.4994	0.4441	0.7402	0.7042
  W	0.4716	0.7541	0.5197	0.4394	0.5153	0.4652	0.6904	0.3731	0.4602	0.4746	0.7517	0.4088	0.589	0.5119	0.5571	0.4616	0.4274	0.4994	0	0.6225	0.994	0.8125
  Y	0.3492	1.0733	0.8195	0.3497	0.8813	0.2531	1.5748	0.2887	0.332	0.2812	0.5411	0.671	0.4928	0.3814	0.3378	0.5758	0.3092	0.4441	0.6225	0	0.891	0.7236
  *	0.6852	0.8682	0.7442	0.6831	0.7638	0.5707	0.9569	0.6193	0.7378	0.6382	0.9197	0.6572	0.8504	0.7512	0.7197	0.646	0.6573	0.7402	0.994	0.891	0	0.9382
  -	0.7824	0.7469	0.69	0.8401	0.6691	0.8132	1.1903	0.4843	2.1554	0.4769	0.8052	0.4499	1.2114	0.9802	3.1875	1.0737	1.2642	0.7042	0.8125	0.7236	0.9382	0

Actual rates from j->i (Q_ij):
	A	C	D	E	F	G	H	I	K	L	M	N	P	Q	R	S	T	V	W	Y	*	-
  A	0	0.0144	0.0464	0.056	0.0122	0.0286	0.0166	0.0095	0.0091	0.0096	0.0159	0.0107	0.0344	0.0113	0.0096	0.0729	0.4039	0.2448	0.0181	0.0134	0.0263	0.03
  C	0.0124	0	0.0137	0.0111	0.0146	0.0199	0.02	0.0092	0.0114	0.0099	0.0184	0.0102	0.0153	0.0133	0.0176	0.0193	0.012	0.0181	0.025	0.0356	0.0288	0.0248
  D	0.0444	0.0152	0	0.108	0.0119	0.081	0.0242	0.0079	0.0128	0.0086	0.0168	0.3357	0.0136	0.0132	0.0103	0.0105	0.0136	0.0231	0.0191	0.0301	0.0273	0.0254
  E	0.0821	0.0189	0.1655	0	0.0143	0.2148	0.0226	0.0093	0.1997	0.0101	0.0233	0.0137	0.0185	0.0259	0.0247	0.0124	0.0161	0.025	0.0247	0.0197	0.0385	0.0473
  F	0.0145	0.02	0.0146	0.0115	0	0.0102	0.0198	0.0224	0.0117	0.1091	0.0223	0.0105	0.0163	0.0141	0.0122	0.0389	0.0113	0.03	0.0234	0.04	0.0346	0.0303
  G	0.0476	0.0383	0.141	0.2441	0.0144	0	0.0186	0.01	0.0168	0.01	0.0196	0.0123	0.0168	0.0132	0.138	0.0783	0.0115	0.0547	0.0298	0.0162	0.0365	0.052
  H	0.0157	0.0218	0.0239	0.0146	0.0158	0.0106	0	0.0111	0.0168	0.0165	0.0219	0.022	0.0332	0.0769	0.0254	0.0126	0.0141	0.0153	0.025	0.0571	0.0347	0.0431
  I	0.019	0.0212	0.0165	0.0127	0.0378	0.012	0.0234	0	0.0271	0.1435	0.3603	0.0307	0.0206	0.0174	0.0404	0.0438	0.3579	0.8828	0.0285	0.0221	0.0474	0.0371
  K	0.0153	0.0222	0.0225	0.2294	0.0168	0.017	0.0299	0.0229	0	0.013	0.0427	0.1414	0.022	0.1355	0.7078	0.0155	0.078	0.0178	0.0298	0.0215	0.0477	0.1394
  L	0.0168	0.02	0.0157	0.0121	0.1617	0.0105	0.0306	0.1261	0.0135	0	0.1511	0.0109	0.069	0.0918	0.0282	0.0572	0.0143	0.0827	0.0319	0.0189	0.0429	0.0321
  M	0.0124	0.0166	0.0137	0.0124	0.0147	0.0092	0.0181	0.1413	0.0198	0.0674	0	0.0104	0.0154	0.0134	0.0322	0.0109	0.0409	0.1183	0.0225	0.0162	0.0276	0.0242
  N	0.0184	0.0202	0.602	0.016	0.0152	0.0126	0.0401	0.0265	0.1441	0.0107	0.0229	0	0.0198	0.0153	0.0183	0.4286	0.122	0.0147	0.0269	0.0442	0.0433	0.0296
  P	0.0371	0.0191	0.0153	0.0136	0.0149	0.0109	0.0379	0.0111	0.0141	0.0425	0.0212	0.0124	0	0.0447	0.017	0.1668	0.0543	0.0144	0.0244	0.0204	0.0352	0.0502
  Q	0.0125	0.0171	0.0153	0.0196	0.0132	0.0088	0.0905	0.0097	0.0894	0.0582	0.019	0.0099	0.046	0	0.1253	0.0127	0.0129	0.0129	0.0218	0.0163	0.032	0.0418
  R	0.014	0.0296	0.0156	0.0245	0.015	0.1204	0.0391	0.0295	0.6112	0.0234	0.0599	0.0155	0.023	0.164	0	0.0623	0.0288	0.0145	0.0311	0.0189	0.0402	0.1779
  S	0.1011	0.031	0.0153	0.0117	0.0457	0.0651	0.0185	0.0305	0.0128	0.0453	0.0193	0.3463	0.2145	0.0158	0.0594	0	0.0738	0.0216	0.0246	0.0307	0.0344	0.0572
  T	0.5584	0.0192	0.0197	0.0151	0.0133	0.0096	0.0207	0.2483	0.064	0.0113	0.0723	0.0982	0.0696	0.0161	0.0274	0.0736	0	0.0271	0.0227	0.0164	0.0349	0.0671
  V	0.2859	0.0245	0.0282	0.0199	0.0296	0.0383	0.0189	0.5174	0.0123	0.0551	0.1769	0.01	0.0156	0.0135	0.0117	0.0182	0.0229	0	0.0224	0.0199	0.0332	0.0316
  W	0.0127	0.0202	0.014	0.0118	0.0138	0.0125	0.0185	0.01	0.0124	0.0127	0.0202	0.011	0.0158	0.0137	0.015	0.0124	0.0115	0.0134	0	0.0167	0.0267	0.0218
  Y	0.0142	0.0436	0.0333	0.0142	0.0358	0.0103	0.0639	0.0117	0.0135	0.0114	0.022	0.0272	0.02	0.0155	0.0137	0.0234	0.0126	0.018	0.0253	0	0.0362	0.0294
  *	0.0116	0.0148	0.0126	0.0116	0.013	0.0097	0.0163	0.0105	0.0125	0.0108	0.0156	0.0112	0.0145	0.0128	0.0122	0.011	0.0112	0.0126	0.0169	0.0151	0	0.0159
  -	0.0079	0.0075	0.007	0.0085	0.0068	0.0082	0.012	0.0049	0.0218	0.0048	0.0081	0.0045	0.0122	0.0099	0.0322	0.0109	0.0128	0.0071	0.0082	0.0073	0.0095	0

