Substitution rate (mu): 1.0

Equilibrium frequencies (pi_i):
  A: 0.0297
  C: 0.0317
  D: 0.0245
  E: 0.0421
  F: 0.0424
  G: 0.0882
  H: 0.0414
  I: 0.0821
  K: 0.0763
  L: 0.0748
  M: 0.0298
  N: 0.0698
  P: 0.034
  Q: 0.0298
  R: 0.0522
  S: 0.0575
  T: 0.0542
  V: 0.0446
  W: 0.0264
  Y: 0.0494
  *: 0.0089
  -: 0.0103

Symmetrized rates from j->i (W_ij):
	A	C	D	E	F	G	H	I	K	L	M	N	P	Q	R	S	T	V	W	Y	*	-
  A	0	0.2858	1.6262	2.0161	0.1432	0.4147	0.1531	0.1836	0.1242	0.115	0.2457	0.111	0.8015	0.2267	0.1774	3.3254	11.3126	9.0642	0.2178	0.134	0.5293	0.1966
  C	0.2858	0	0.2011	0.1509	0.4911	0.3553	0.2144	0.1271	0.1149	0.1427	0.252	0.104	0.2316	0.2253	0.4405	0.4676	0.164	0.1813	0.6176	0.6813	0.6823	0.2251
  D	1.6262	0.2011	0	5.8425	0.162	2.8458	0.4659	0.1226	0.1798	0.0881	0.2124	15.3573	0.1814	0.2168	0.2284	0.3936	0.1629	0.5899	0.2432	1.2601	0.5596	0.2029
  E	2.0161	0.1509	5.8425	0	0.1199	2.7853	0.1405	0.0799	5.1787	0.0627	0.1457	0.1179	0.1345	0.5471	0.4557	0.1036	0.1903	0.7754	0.1696	0.1013	0.4567	0.4518
  F	0.1432	0.4911	0.162	0.1199	0	0.1002	0.1764	0.6589	0.1011	3.8407	0.2291	0.0824	0.2061	0.2026	0.1585	1.2766	0.132	0.5687	0.2463	1.3716	0.6375	0.1853
  G	0.4147	0.3553	2.8458	2.7853	0.1002	0	0.0926	0.0674	0.0967	0.0483	0.1227	0.1192	0.1081	0.1363	1.698	1.6374	0.0672	0.4627	0.3103	0.069	0.4582	0.2153
  H	0.1531	0.2144	0.4659	0.1405	0.1764	0.0926	0	0.1212	0.1117	0.3711	0.2499	1.2385	0.8778	3.1905	0.8442	0.1344	0.1844	0.1442	0.2694	2.1421	0.6839	0.2446
  I	0.1836	0.1271	0.1226	0.0799	0.6589	0.0674	0.1212	0	0.5513	1.8298	6.5326	0.4256	0.1009	0.0993	0.5414	0.3784	5.0248	11.0078	0.1359	0.091	0.4479	0.1482
  K	0.1242	0.1149	0.1798	5.1787	0.1011	0.0967	0.1117	0.5513	0	0.0584	0.6865	2.4037	0.1394	2.8739	13.6428	0.1229	1.1499	0.0756	0.1915	0.0915	0.4748	0.7304
  L	0.115	0.1427	0.0881	0.0627	3.8407	0.0483	0.3711	1.8298	0.0584	0	2.0327	0.0579	2.3445	1.6968	0.2036	0.7794	0.114	1.3633	0.3625	0.0876	0.4101	0.1977
  M	0.2457	0.252	0.2124	0.1457	0.2291	0.1227	0.2499	6.5326	0.6865	2.0327	0	0.1773	0.2228	0.2618	0.9016	0.1531	0.8403	5.5508	0.3716	0.1942	0.6994	0.2382
  N	0.111	0.104	15.3573	0.1179	0.0824	0.1192	1.2385	0.4256	2.4037	0.0579	0.1773	0	0.1004	0.2087	0.1206	5.3446	1.6878	0.0897	0.1315	0.578	0.4075	0.1629
  P	0.8015	0.2316	0.1814	0.1345	0.2061	0.1081	0.8778	0.1009	0.1394	2.3445	0.2228	0.1004	0	1.7818	0.2983	6.5186	1.3674	0.1336	0.26	0.1451	0.629	0.2366
  Q	0.2267	0.2253	0.2168	0.5471	0.2026	0.1363	3.1905	0.0993	2.8739	1.6968	0.2618	0.2087	1.7818	0	4.3863	0.1495	0.1546	0.1594	0.2761	0.1875	0.6404	0.2527
  R	0.1774	0.4405	0.2284	0.4557	0.1585	1.698	0.8442	0.5414	13.6428	0.2036	0.9016	0.1206	0.2983	4.3863	0	1.7486	0.2551	0.1389	0.578	0.1102	0.5808	2.3151
  S	3.3254	0.4676	0.3936	0.1036	1.2766	1.6374	0.1344	0.3784	0.1229	0.7794	0.1531	5.3446	6.5186	0.1495	1.7486	0	1.4985	0.127	0.1806	0.4551	0.4409	0.2981
  T	11.3126	0.164	0.1629	0.1903	0.132	0.0672	0.1844	5.0248	1.1499	0.114	0.8403	1.6878	1.3674	0.1546	0.2551	1.4985	0	0.3284	0.1883	0.1002	0.5387	0.3343
  V	9.0642	0.1813	0.5899	0.7754	0.5687	0.4627	0.1442	11.0078	0.0756	1.3633	5.5508	0.0897	0.1336	0.1594	0.1389	0.127	0.3284	0	0.2069	0.1426	0.5087	0.1536
  W	0.2178	0.6176	0.2432	0.1696	0.2463	0.3103	0.2694	0.1359	0.1915	0.3625	0.3716	0.1315	0.26	0.2761	0.578	0.1806	0.1883	0.2069	0	0.2094	0.7592	0.2806
  Y	0.134	0.6813	1.2601	0.1013	1.3716	0.069	2.1421	0.091	0.0915	0.0876	0.1942	0.578	0.1451	0.1875	0.1102	0.4551	0.1002	0.1426	0.2094	0	0.578	0.2649
  *	0.5293	0.6823	0.5596	0.4567	0.6375	0.4582	0.6839	0.4479	0.4748	0.4101	0.6994	0.4075	0.629	0.6404	0.5808	0.4409	0.5387	0.5087	0.7592	0.578	0	0.6846
  -	0.1966	0.2251	0.2029	0.4518	0.1853	0.2153	0.2446	0.1482	0.7304	0.1977	0.2382	0.1629	0.2366	0.2527	2.3151	0.2981	0.3343	0.1536	0.2806	0.2649	0.6846	0

Actual rates from j->i (Q_ij):
	A	C	D	E	F	G	H	I	K	L	M	N	P	Q	R	S	T	V	W	Y	*	-
  A	0	0.0085	0.0483	0.0599	0.0043	0.0123	0.0046	0.0055	0.0037	0.0034	0.0073	0.0033	0.0238	0.0067	0.0053	0.0988	0.3361	0.2693	0.0065	0.004	0.0157	0.0058
  C	0.0091	0	0.0064	0.0048	0.0156	0.0113	0.0068	0.004	0.0036	0.0045	0.008	0.0033	0.0073	0.0071	0.014	0.0148	0.0052	0.0057	0.0196	0.0216	0.0216	0.0071
  D	0.0398	0.0049	0	0.143	0.004	0.0696	0.0114	0.003	0.0044	0.0022	0.0052	0.3758	0.0044	0.0053	0.0056	0.0096	0.004	0.0144	0.006	0.0308	0.0137	0.005
  E	0.0849	0.0064	0.2459	0	0.005	0.1172	0.0059	0.0034	0.218	0.0026	0.0061	0.005	0.0057	0.023	0.0192	0.0044	0.008	0.0326	0.0071	0.0043	0.0192	0.019
  F	0.0061	0.0208	0.0069	0.0051	0	0.0042	0.0075	0.0279	0.0043	0.1627	0.0097	0.0035	0.0087	0.0086	0.0067	0.0541	0.0056	0.0241	0.0104	0.0581	0.027	0.0078
  G	0.0366	0.0313	0.2511	0.2457	0.0088	0	0.0082	0.0059	0.0085	0.0043	0.0108	0.0105	0.0095	0.012	0.1498	0.1445	0.0059	0.0408	0.0274	0.0061	0.0404	0.019
  H	0.0063	0.0089	0.0193	0.0058	0.0073	0.0038	0	0.005	0.0046	0.0153	0.0103	0.0512	0.0363	0.132	0.0349	0.0056	0.0076	0.006	0.0111	0.0886	0.0283	0.0101
  I	0.0151	0.0104	0.0101	0.0066	0.0541	0.0055	0.0099	0	0.0452	0.1502	0.5361	0.0349	0.0083	0.0082	0.0444	0.0311	0.4124	0.9033	0.0112	0.0075	0.0368	0.0122
  K	0.0095	0.0088	0.0137	0.3949	0.0077	0.0074	0.0085	0.042	0	0.0045	0.0523	0.1833	0.0106	0.2191	1.0403	0.0094	0.0877	0.0058	0.0146	0.007	0.0362	0.0557
  L	0.0086	0.0107	0.0066	0.0047	0.2872	0.0036	0.0277	0.1368	0.0044	0	0.152	0.0043	0.1753	0.1269	0.0152	0.0583	0.0085	0.1019	0.0271	0.0065	0.0307	0.0148
  M	0.0073	0.0075	0.0063	0.0043	0.0068	0.0037	0.0074	0.1944	0.0204	0.0605	0	0.0053	0.0066	0.0078	0.0268	0.0046	0.025	0.1652	0.0111	0.0058	0.0208	0.0071
  N	0.0077	0.0073	1.0716	0.0082	0.0058	0.0083	0.0864	0.0297	0.1677	0.004	0.0124	0	0.007	0.0146	0.0084	0.3729	0.1178	0.0063	0.0092	0.0403	0.0284	0.0114
  P	0.0273	0.0079	0.0062	0.0046	0.007	0.0037	0.0299	0.0034	0.0047	0.0797	0.0076	0.0034	0	0.0606	0.0101	0.2217	0.0465	0.0045	0.0088	0.0049	0.0214	0.008
  Q	0.0068	0.0067	0.0065	0.0163	0.006	0.0041	0.0952	0.003	0.0857	0.0506	0.0078	0.0062	0.0532	0	0.1308	0.0045	0.0046	0.0048	0.0082	0.0056	0.0191	0.0075
  R	0.0093	0.023	0.0119	0.0238	0.0083	0.0887	0.0441	0.0283	0.7124	0.0106	0.0471	0.0063	0.0156	0.229	0	0.0913	0.0133	0.0073	0.0302	0.0058	0.0303	0.1209
  S	0.1913	0.0269	0.0226	0.006	0.0735	0.0942	0.0077	0.0218	0.0071	0.0448	0.0088	0.3075	0.3751	0.0086	0.1006	0	0.0862	0.0073	0.0104	0.0262	0.0254	0.0171
  T	0.6131	0.0089	0.0088	0.0103	0.0072	0.0036	0.01	0.2723	0.0623	0.0062	0.0455	0.0915	0.0741	0.0084	0.0138	0.0812	0	0.0178	0.0102	0.0054	0.0292	0.0181
  V	0.4046	0.0081	0.0263	0.0346	0.0254	0.0207	0.0064	0.4913	0.0034	0.0608	0.2477	0.004	0.006	0.0071	0.0062	0.0057	0.0147	0	0.0092	0.0064	0.0227	0.0069
  W	0.0058	0.0163	0.0064	0.0045	0.0065	0.0082	0.0071	0.0036	0.0051	0.0096	0.0098	0.0035	0.0069	0.0073	0.0153	0.0048	0.005	0.0055	0	0.0055	0.0201	0.0074
  Y	0.0066	0.0337	0.0622	0.005	0.0677	0.0034	0.1058	0.0045	0.0045	0.0043	0.0096	0.0285	0.0072	0.0093	0.0054	0.0225	0.005	0.007	0.0103	0	0.0285	0.0131
  *	0.0047	0.0061	0.005	0.0041	0.0057	0.0041	0.0061	0.004	0.0042	0.0037	0.0062	0.0036	0.0056	0.0057	0.0052	0.0039	0.0048	0.0045	0.0068	0.0052	0	0.0061
  -	0.002	0.0023	0.0021	0.0046	0.0019	0.0022	0.0025	0.0015	0.0075	0.002	0.0024	0.0017	0.0024	0.0026	0.0238	0.0031	0.0034	0.0016	0.0029	0.0027	0.007	0

