Substitution rate (mu): 1.0

Equilibrium frequencies (pi_i):
  A: 0.0273
  C: 0.0326
  D: 0.0329
  E: 0.0561
  F: 0.0371
  G: 0.0588
  H: 0.052
  I: 0.0759
  K: 0.0677
  L: 0.0591
  M: 0.0443
  N: 0.0622
  P: 0.0273
  Q: 0.0523
  R: 0.0492
  S: 0.0575
  T: 0.059
  V: 0.0442
  W: 0.0294
  Y: 0.0505
  *: 0.0146
  -: 0.0101

Symmetrized rates from j->i (W_ij):
	A	C	D	E	F	G	H	I	K	L	M	N	P	Q	R	S	T	V	W	Y	*	-
  A	0	0.2243	0.9683	0.5385	0.2003	0.4553	0.1701	0.1192	0.14	0.1305	0.195	0.1151	0.7979	0.1493	0.179	3.9037	9.0883	5.8687	0.2363	0.1596	0.4079	0.3394
  C	0.2243	0	0.1975	0.1693	0.6017	0.3518	0.2467	0.119	0.1432	0.1668	0.2564	0.1358	0.246	0.1844	0.521	0.8087	0.1567	0.2321	0.6021	1.6649	0.4963	0.412
  D	0.9683	0.1975	0	3.0096	0.1756	3.7902	0.4912	0.0949	0.1351	0.1129	0.1949	11.0754	0.207	0.1453	0.144	0.15	0.1494	0.4214	0.2321	0.7977	0.4137	0.3071
  E	0.5385	0.1693	3.0096	0	0.1483	4.2163	0.1585	0.0928	3.5553	0.1003	0.1852	0.1424	0.1725	0.2511	0.1701	0.0932	0.1045	0.5407	0.2087	0.1384	0.4241	0.2906
  F	0.2003	0.6017	0.1756	0.1483	0	0.1232	0.1968	0.6933	0.1248	3.4192	0.2265	0.1306	0.2425	0.1618	0.158	3.2931	0.1371	0.99	0.2572	1.7098	0.464	0.3418
  G	0.4553	0.3518	3.7902	4.2163	0.1232	0	0.1356	0.0634	0.1152	0.0757	0.1444	0.0957	0.161	0.1015	2.7984	2.6736	0.1108	1.2377	0.411	0.1108	0.3519	0.2396
  H	0.1701	0.2467	0.4912	0.1585	0.1968	0.1356	0	0.1369	0.1455	0.4976	0.2786	0.9307	1.0349	3.2672	0.3309	0.1734	0.1727	0.178	0.2829	4.4213	0.559	0.3892
  I	0.1192	0.119	0.0949	0.0928	0.6933	0.0634	0.1369	0	0.5044	2.5464	5.7537	0.4381	0.1727	0.0852	0.8075	0.4867	4.2288	12.8773	0.1469	0.1216	0.3224	0.2317
  K	0.14	0.1432	0.1351	3.5553	0.1248	0.1152	0.1455	0.5044	0	0.0984	0.498	3.5365	0.1464	2.2077	10.7363	0.1317	2.4825	0.1656	0.1778	0.1271	0.3816	0.2527
  L	0.1305	0.1668	0.1129	0.1003	3.4192	0.0757	0.4976	2.5464	0.0984	0	1.8198	0.08	2.6642	1.1409	0.403	1.0946	0.1093	0.8897	0.3889	0.1202	0.3478	0.2367
  M	0.195	0.2564	0.1949	0.1852	0.2265	0.1444	0.2786	5.7537	0.498	1.8198	0	0.14	0.2508	0.2046	0.3272	0.1595	2.2918	3.8365	0.3201	0.2294	0.5937	0.4296
  N	0.1151	0.1358	11.0754	0.1424	0.1306	0.0957	0.9307	0.4381	3.5365	0.08	0.14	0	0.1694	0.1369	0.1055	6.7565	1.2951	0.1046	0.1659	0.5668	0.3458	0.3267
  P	0.7979	0.246	0.207	0.1725	0.2425	0.161	1.0349	0.1727	0.1464	2.6642	0.2508	0.1694	0	1.0279	0.2024	4.4775	1.2688	0.1981	0.2877	0.2015	0.4814	0.3706
  Q	0.1493	0.1844	0.1453	0.2511	0.1618	0.1015	3.2672	0.0852	2.2077	1.1409	0.2046	0.1369	1.0279	0	3.8407	0.1023	0.1151	0.1445	0.2272	0.1831	0.4518	0.3765
  R	0.179	0.521	0.144	0.1701	0.158	2.7984	0.3309	0.8075	10.7363	0.403	0.3272	0.1055	0.2024	3.8407	0	1.6979	0.3465	0.1406	0.4819	0.1463	0.4284	0.3306
  S	3.9037	0.8087	0.15	0.0932	3.2931	2.6736	0.1734	0.4867	0.1317	1.0946	0.1595	6.7565	4.4775	0.1023	1.6979	0	1.1177	0.1314	0.2068	1.3725	0.352	0.2406
  T	9.0883	0.1567	0.1494	0.1045	0.1371	0.1108	0.1727	4.2288	2.4825	0.1093	2.2918	1.2951	1.2688	0.1151	0.3465	1.1177	0	0.1701	0.1929	0.1393	0.3976	0.2701
  V	5.8687	0.2321	0.4214	0.5407	0.99	1.2377	0.178	12.8773	0.1656	0.8897	3.8365	0.1046	0.1981	0.1445	0.1406	0.1314	0.1701	0	0.2343	0.1581	0.444	0.3175
  W	0.2363	0.6021	0.2321	0.2087	0.2572	0.411	0.2829	0.1469	0.1778	0.3889	0.3201	0.1659	0.2877	0.2272	0.4819	0.2068	0.1929	0.2343	0	0.2483	0.5617	0.4362
  Y	0.1596	1.6649	0.7977	0.1384	1.7098	0.1108	4.4213	0.1216	0.1271	0.1202	0.2294	0.5668	0.2015	0.1831	0.1463	1.3725	0.1393	0.1581	0.2483	0	0.4874	0.3752
  *	0.4079	0.4963	0.4137	0.4241	0.464	0.3519	0.559	0.3224	0.3816	0.3478	0.5937	0.3458	0.4814	0.4518	0.4284	0.352	0.3976	0.444	0.5617	0.4874	0	0.6362
  -	0.3394	0.412	0.3071	0.2906	0.3418	0.2396	0.3892	0.2317	0.2527	0.2367	0.4296	0.3267	0.3706	0.3765	0.3306	0.2406	0.2701	0.3175	0.4362	0.3752	0.6362	0

Actual rates from j->i (Q_ij):
	A	C	D	E	F	G	H	I	K	L	M	N	P	Q	R	S	T	V	W	Y	*	-
  A	0	0.0061	0.0264	0.0147	0.0055	0.0124	0.0046	0.0033	0.0038	0.0036	0.0053	0.0031	0.0218	0.0041	0.0049	0.1066	0.2482	0.1603	0.0065	0.0044	0.0111	0.0093
  C	0.0073	0	0.0064	0.0055	0.0196	0.0115	0.008	0.0039	0.0047	0.0054	0.0084	0.0044	0.008	0.006	0.017	0.0264	0.0051	0.0076	0.0196	0.0543	0.0162	0.0134
  D	0.0319	0.0065	0	0.099	0.0058	0.1247	0.0162	0.0031	0.0044	0.0037	0.0064	0.3644	0.0068	0.0048	0.0047	0.0049	0.0049	0.0139	0.0076	0.0262	0.0136	0.0101
  E	0.0302	0.0095	0.1688	0	0.0083	0.2365	0.0089	0.0052	0.1994	0.0056	0.0104	0.008	0.0097	0.0141	0.0095	0.0052	0.0059	0.0303	0.0117	0.0078	0.0238	0.0163
  F	0.0074	0.0223	0.0065	0.0055	0	0.0046	0.0073	0.0257	0.0046	0.1269	0.0084	0.0048	0.009	0.006	0.0059	0.1222	0.0051	0.0367	0.0095	0.0635	0.0172	0.0127
  G	0.0268	0.0207	0.2229	0.248	0.0072	0	0.008	0.0037	0.0068	0.0045	0.0085	0.0056	0.0095	0.006	0.1646	0.1573	0.0065	0.0728	0.0242	0.0065	0.0207	0.0141
  H	0.0088	0.0128	0.0255	0.0082	0.0102	0.0071	0	0.0071	0.0076	0.0259	0.0145	0.0484	0.0538	0.1699	0.0172	0.009	0.009	0.0093	0.0147	0.2299	0.0291	0.0202
  I	0.009	0.009	0.0072	0.007	0.0526	0.0048	0.0104	0	0.0383	0.1932	0.4364	0.0332	0.0131	0.0065	0.0613	0.0369	0.3208	0.9768	0.0111	0.0092	0.0245	0.0176
  K	0.0095	0.0097	0.0091	0.2407	0.0084	0.0078	0.0099	0.0342	0	0.0067	0.0337	0.2394	0.0099	0.1495	0.7269	0.0089	0.1681	0.0112	0.012	0.0086	0.0258	0.0171
  L	0.0077	0.0099	0.0067	0.0059	0.202	0.0045	0.0294	0.1504	0.0058	0	0.1075	0.0047	0.1574	0.0674	0.0238	0.0647	0.0065	0.0526	0.023	0.0071	0.0205	0.014
  M	0.0086	0.0114	0.0086	0.0082	0.01	0.0064	0.0123	0.2548	0.0221	0.0806	0	0.0062	0.0111	0.0091	0.0145	0.0071	0.1015	0.1699	0.0142	0.0102	0.0263	0.019
  N	0.0072	0.0085	0.6891	0.0089	0.0081	0.006	0.0579	0.0273	0.22	0.005	0.0087	0	0.0105	0.0085	0.0066	0.4204	0.0806	0.0065	0.0103	0.0353	0.0215	0.0203
  P	0.0218	0.0067	0.0056	0.0047	0.0066	0.0044	0.0282	0.0047	0.004	0.0727	0.0068	0.0046	0	0.028	0.0055	0.1221	0.0346	0.0054	0.0078	0.0055	0.0131	0.0101
  Q	0.0078	0.0096	0.0076	0.0131	0.0085	0.0053	0.1709	0.0045	0.1154	0.0597	0.0107	0.0072	0.0538	0	0.2008	0.0053	0.006	0.0076	0.0119	0.0096	0.0236	0.0197
  R	0.0088	0.0257	0.0071	0.0084	0.0078	0.1378	0.0163	0.0398	0.5286	0.0198	0.0161	0.0052	0.01	0.1891	0	0.0836	0.0171	0.0069	0.0237	0.0072	0.0211	0.0163
  S	0.2244	0.0465	0.0086	0.0054	0.1893	0.1537	0.01	0.028	0.0076	0.0629	0.0092	0.3883	0.2574	0.0059	0.0976	0	0.0642	0.0076	0.0119	0.0789	0.0202	0.0138
  T	0.5362	0.0092	0.0088	0.0062	0.0081	0.0065	0.0102	0.2495	0.1465	0.0064	0.1352	0.0764	0.0749	0.0068	0.0204	0.0659	0	0.01	0.0114	0.0082	0.0235	0.0159
  V	0.2593	0.0103	0.0186	0.0239	0.0437	0.0547	0.0079	0.5689	0.0073	0.0393	0.1695	0.0046	0.0088	0.0064	0.0062	0.0058	0.0075	0	0.0104	0.007	0.0196	0.014
  W	0.0069	0.0177	0.0068	0.0061	0.0076	0.0121	0.0083	0.0043	0.0052	0.0114	0.0094	0.0049	0.0085	0.0067	0.0142	0.0061	0.0057	0.0069	0	0.0073	0.0165	0.0128
  Y	0.0081	0.0841	0.0403	0.007	0.0863	0.0056	0.2233	0.0061	0.0064	0.0061	0.0116	0.0286	0.0102	0.0092	0.0074	0.0693	0.007	0.008	0.0125	0	0.0246	0.0189
  *	0.0059	0.0072	0.006	0.0062	0.0068	0.0051	0.0081	0.0047	0.0056	0.0051	0.0086	0.005	0.007	0.0066	0.0062	0.0051	0.0058	0.0065	0.0082	0.0071	0	0.0093
  -	0.0034	0.0042	0.0031	0.0029	0.0035	0.0024	0.0039	0.0023	0.0026	0.0024	0.0043	0.0033	0.0037	0.0038	0.0033	0.0024	0.0027	0.0032	0.0044	0.0038	0.0064	0

