Substitution rate (mu): 1.0

Equilibrium frequencies (pi_i):
  A: 0.0324
  C: 0.0332
  D: 0.0275
  E: 0.0558
  F: 0.0344
  G: 0.065
  H: 0.0316
  I: 0.0795
  K: 0.0809
  L: 0.0802
  M: 0.0287
  N: 0.0661
  P: 0.0392
  Q: 0.0345
  R: 0.0552
  S: 0.0544
  T: 0.0593
  V: 0.0468
  W: 0.0256
  Y: 0.0508
  *: 0.0084
  -: 0.0104

Symmetrized rates from j->i (W_ij):
	A	C	D	E	F	G	H	I	K	L	M	N	P	Q	R	S	T	V	W	Y	*	-
  A	0	0.1755	1.3517	1.6739	0.1601	0.5564	0.1539	0.2257	0.1659	0.0867	0.2758	0.1472	0.692	0.1832	0.1911	2.8532	11.1621	6.9449	0.2256	0.1181	0.488	0.11
  C	0.1755	0	0.1803	0.115	0.5254	0.2313	0.2139	0.0997	0.0962	0.1126	0.2653	0.1048	0.1934	0.1958	0.3263	0.4615	0.1337	0.1361	0.5988	0.8844	0.6428	0.1601
  D	1.3517	0.1803	0	5.2664	0.1642	3.602	0.6439	0.1124	0.176	0.0933	0.2265	12.8489	0.1871	0.2087	0.1265	0.3508	0.1613	0.8053	0.2296	1.2029	0.557	0.1249
  E	1.6739	0.115	5.2664	0	0.1129	4.5721	0.1702	0.0582	5.8342	0.0559	0.2576	0.1926	0.1079	0.5744	0.1917	0.1005	0.1583	0.6491	0.1512	0.1061	0.4598	0.1094
  F	0.1601	0.5254	0.1642	0.1129	0	0.0896	0.1908	0.8383	0.1097	2.3786	0.2581	0.0936	0.2033	0.192	0.1427	1.5126	0.0992	0.8683	0.2329	1.3355	0.5924	0.1436
  G	0.5564	0.2313	3.602	4.5721	0.0896	0	0.1703	0.0642	0.155	0.0484	0.1866	0.2344	0.0856	0.1062	2.4818	1.3691	0.0845	0.6117	0.4256	0.0988	0.4248	0.1723
  H	0.1539	0.2139	0.6439	0.1702	0.1908	0.1703	0	0.1058	0.1327	0.3397	0.279	1.2599	0.8162	4.1261	1.5869	0.2861	0.165	0.1567	0.2733	4.3979	0.6596	0.1691
  I	0.2257	0.0997	0.1124	0.0582	0.8383	0.0642	0.1058	0	0.3426	1.9046	5.025	0.3633	0.0931	0.1243	0.4432	0.6198	3.1539	12.1163	0.1333	0.0778	0.4619	0.2677
  K	0.1659	0.0962	0.176	5.8342	0.1097	0.155	0.1327	0.3426	0	0.0643	1.1324	2.8248	0.0979	1.6966	11.497	0.1722	1.3493	0.1328	0.1415	0.0937	0.447	0.1597
  L	0.0867	0.1126	0.0933	0.0559	2.3786	0.0484	0.3397	1.9046	0.0643	0	2.2097	0.0611	0.926	0.7394	0.2872	0.7516	0.1213	1.1444	0.2655	0.107	0.3944	0.1816
  M	0.2758	0.2653	0.2265	0.2576	0.2581	0.1866	0.279	5.025	1.1324	2.2097	0	0.1633	0.2318	0.2562	0.995	0.1683	1.5939	2.8842	0.4028	0.2024	0.7512	0.1926
  N	0.1472	0.1048	12.8489	0.1926	0.0936	0.2344	1.2599	0.3633	2.8248	0.0611	0.1633	0	0.0972	0.1646	0.1897	5.3269	2.3352	0.1199	0.1511	0.455	0.4034	0.1299
  P	0.692	0.1934	0.1871	0.1079	0.2033	0.0856	0.8162	0.0931	0.0979	0.926	0.2318	0.0972	0	1.0664	0.2157	5.2778	1.0352	0.127	0.2731	0.1301	0.6025	0.158
  Q	0.1832	0.1958	0.2087	0.5744	0.192	0.1062	4.1261	0.1243	1.6966	0.7394	0.2562	0.1646	1.0664	0	3.2335	0.135	0.1605	0.1547	0.3019	0.1859	0.6317	0.1421
  R	0.1911	0.3263	0.1265	0.1917	0.1427	2.4818	1.5869	0.4432	11.497	0.2872	0.995	0.1897	0.2157	3.2335	0	1.6577	0.3952	0.1026	0.8802	0.1176	0.5906	0.1452
  S	2.8532	0.4615	0.3508	0.1005	1.5126	1.3691	0.2861	0.6198	0.1722	0.7516	0.1683	5.3269	5.2778	0.135	1.6577	0	2.1937	0.1234	0.25	0.6146	0.3975	0.2677
  T	11.1621	0.1337	0.1613	0.1583	0.0992	0.0845	0.165	3.1539	1.3493	0.1213	1.5939	2.3352	1.0352	0.1605	0.3952	2.1937	0	0.3723	0.1469	0.0952	0.4557	0.1713
  V	6.9449	0.1361	0.8053	0.6491	0.8683	0.6117	0.1567	12.1163	0.1328	1.1444	2.8842	0.1199	0.127	0.1547	0.1026	0.1234	0.3723	0	0.1614	0.1313	0.4646	0.1199
  W	0.2256	0.5988	0.2296	0.1512	0.2329	0.4256	0.2733	0.1333	0.1415	0.2655	0.4028	0.1511	0.2731	0.3019	0.8802	0.25	0.1469	0.1614	0	0.1993	0.717	0.1772
  Y	0.1181	0.8844	1.2029	0.1061	1.3355	0.0988	4.3979	0.0778	0.0937	0.107	0.2024	0.455	0.1301	0.1859	0.1176	0.6146	0.0952	0.1313	0.1993	0	0.5318	0.106
  *	0.488	0.6428	0.557	0.4598	0.5924	0.4248	0.6596	0.4619	0.447	0.3944	0.7512	0.4034	0.6025	0.6317	0.5906	0.3975	0.4557	0.4646	0.717	0.5318	0	0.4698
  -	0.11	0.1601	0.1249	0.1094	0.1436	0.1723	0.1691	0.2677	0.1597	0.1816	0.1926	0.1299	0.158	0.1421	0.1452	0.2677	0.1713	0.1199	0.1772	0.106	0.4698	0

Actual rates from j->i (Q_ij):
	A	C	D	E	F	G	H	I	K	L	M	N	P	Q	R	S	T	V	W	Y	*	-
  A	0	0.0057	0.0438	0.0542	0.0052	0.018	0.005	0.0073	0.0054	0.0028	0.0089	0.0048	0.0224	0.0059	0.0062	0.0924	0.3614	0.2249	0.0073	0.0038	0.0158	0.0036
  C	0.0058	0	0.006	0.0038	0.0174	0.0077	0.0071	0.0033	0.0032	0.0037	0.0088	0.0035	0.0064	0.0065	0.0108	0.0153	0.0044	0.0045	0.0199	0.0294	0.0213	0.0053
  D	0.0372	0.005	0	0.145	0.0045	0.0992	0.0177	0.0031	0.0048	0.0026	0.0062	0.3537	0.0052	0.0057	0.0035	0.0097	0.0044	0.0222	0.0063	0.0331	0.0153	0.0034
  E	0.0935	0.0064	0.2941	0	0.0063	0.2553	0.0095	0.0033	0.3258	0.0031	0.0144	0.0108	0.006	0.0321	0.0107	0.0056	0.0088	0.0362	0.0084	0.0059	0.0257	0.0061
  F	0.0055	0.0181	0.0057	0.0039	0	0.0031	0.0066	0.0289	0.0038	0.0819	0.0089	0.0032	0.007	0.0066	0.0049	0.0521	0.0034	0.0299	0.008	0.046	0.0204	0.0049
  G	0.0362	0.015	0.2343	0.2974	0.0058	0	0.0111	0.0042	0.0101	0.0031	0.0121	0.0152	0.0056	0.0069	0.1614	0.0891	0.0055	0.0398	0.0277	0.0064	0.0276	0.0112
  H	0.0049	0.0068	0.0204	0.0054	0.006	0.0054	0	0.0033	0.0042	0.0107	0.0088	0.0398	0.0258	0.1305	0.0502	0.009	0.0052	0.005	0.0086	0.1391	0.0209	0.0053
  I	0.0179	0.0079	0.0089	0.0046	0.0666	0.0051	0.0084	0	0.0272	0.1514	0.3994	0.0289	0.0074	0.0099	0.0352	0.0493	0.2507	0.9631	0.0106	0.0062	0.0367	0.0213
  K	0.0134	0.0078	0.0142	0.4721	0.0089	0.0125	0.0107	0.0277	0	0.0052	0.0916	0.2286	0.0079	0.1373	0.9303	0.0139	0.1092	0.0107	0.0114	0.0076	0.0362	0.0129
  L	0.007	0.009	0.0075	0.0045	0.1909	0.0039	0.0273	0.1528	0.0052	0	0.1773	0.0049	0.0743	0.0593	0.023	0.0603	0.0097	0.0918	0.0213	0.0086	0.0316	0.0146
  M	0.0079	0.0076	0.0065	0.0074	0.0074	0.0054	0.008	0.1441	0.0325	0.0634	0	0.0047	0.0066	0.0073	0.0285	0.0048	0.0457	0.0827	0.0116	0.0058	0.0215	0.0055
  N	0.0097	0.0069	0.8491	0.0127	0.0062	0.0155	0.0833	0.024	0.1867	0.004	0.0108	0	0.0064	0.0109	0.0125	0.352	0.1543	0.0079	0.01	0.0301	0.0267	0.0086
  P	0.0272	0.0076	0.0073	0.0042	0.008	0.0034	0.032	0.0037	0.0038	0.0363	0.0091	0.0038	0	0.0418	0.0085	0.2071	0.0406	0.005	0.0107	0.0051	0.0236	0.0062
  Q	0.0063	0.0068	0.0072	0.0198	0.0066	0.0037	0.1424	0.0043	0.0585	0.0255	0.0088	0.0057	0.0368	0	0.1116	0.0047	0.0055	0.0053	0.0104	0.0064	0.0218	0.0049
  R	0.0105	0.018	0.007	0.0106	0.0079	0.1369	0.0875	0.0244	0.6341	0.0158	0.0549	0.0105	0.0119	0.1783	0	0.0914	0.0218	0.0057	0.0485	0.0065	0.0326	0.008
  S	0.1551	0.0251	0.0191	0.0055	0.0822	0.0744	0.0156	0.0337	0.0094	0.0409	0.0091	0.2896	0.287	0.0073	0.0901	0	0.1193	0.0067	0.0136	0.0334	0.0216	0.0146
  T	0.6622	0.0079	0.0096	0.0094	0.0059	0.005	0.0098	0.1871	0.08	0.0072	0.0946	0.1385	0.0614	0.0095	0.0234	0.1301	0	0.0221	0.0087	0.0056	0.027	0.0102
  V	0.325	0.0064	0.0377	0.0304	0.0406	0.0286	0.0073	0.567	0.0062	0.0536	0.135	0.0056	0.0059	0.0072	0.0048	0.0058	0.0174	0	0.0076	0.0061	0.0217	0.0056
  W	0.0058	0.0153	0.0059	0.0039	0.006	0.0109	0.007	0.0034	0.0036	0.0068	0.0103	0.0039	0.007	0.0077	0.0225	0.0064	0.0038	0.0041	0	0.0051	0.0183	0.0045
  Y	0.006	0.045	0.0612	0.0054	0.0679	0.005	0.2236	0.004	0.0048	0.0054	0.0103	0.0231	0.0066	0.0095	0.006	0.0312	0.0048	0.0067	0.0101	0	0.027	0.0054
  *	0.0041	0.0054	0.0047	0.0038	0.0049	0.0035	0.0055	0.0039	0.0037	0.0033	0.0063	0.0034	0.005	0.0053	0.0049	0.0033	0.0038	0.0039	0.006	0.0044	0	0.0039
  -	0.0011	0.0017	0.0013	0.0011	0.0015	0.0018	0.0018	0.0028	0.0017	0.0019	0.002	0.0013	0.0016	0.0015	0.0015	0.0028	0.0018	0.0012	0.0018	0.0011	0.0049	0

